{"__class__": "lmfit.ModelResult", "__version__": "1", "model": {"__class__": "Tuple", "value": [{"__class__": "Tuple", "value": ["hanger_func_complex_SI", {"__class__": "Callable", "__name__": "hanger_func_complex_SI", "pyversion": "3.9", "value": "gASVRAAAAAAAAACMJXF1YW50aWZ5X2NvcmUuYW5hbHlzaXMuZml0dGluZ19tb2RlbHOUjBZoYW5nZXJfZnVuY19jb21wbGV4X1NJlJOULg==", "importer": "quantify_core.analysis.fitting_models"}, "hanger_func_complex_SI", "", {"__class__": "List", "value": ["f"]}, {"__class__": "List", "value": ["fr", "Ql", "Qe", "A", "theta", "phi_v", "phi_0", "alpha"]}, {"__class__": "Dict", "Ql": {"__class__": "Dict", "min": 29.997500000000002, "value": 605.9495000000001, "max": 11999.0}, "Qe": {"__class__": "Dict", "min": 0, "value": 593.9505}, "Qi": {"__class__": "Dict", "expr": "1./(1./Ql-1./Qe*cos(theta))", "vary": 0}, "Qc": {"__class__": "Dict", "expr": "Qe/cos(theta)", "vary": 0}, "fr": {"__class__": "Dict", "value": 5999500000.0, "min": 5990000000.0, "max": 6010000000.0}, "A": {"__class__": "Dict", "value": 0.007066766644498356, "min": 0}, "theta": {"__class__": "Dict", "value": 0, "min": -1.5707963267948966, "max": 1.5707963267948966}, "phi_0": {"__class__": "Dict", "value": 1533.9161509134644}, "phi_v": {"__class__": "Dict", "value": -2.5572143326386175e-07}, "alpha": {"__class__": "Dict", "value": 0, "min": -1, "max": 1}}, "raise", {"__class__": "Dict"}]}, null, null]}, "params": [["fr", 6004846044.562673, true, null, 5990000000.0, 6010000000.0, null, 5440024.213586446, {"Ql": -0.005665498551750923, "Qe": 0.011385202619849492, "A": 0.430311028093031, "theta": -0.8016091685802955, "phi_v": -0.2715171188567889, "phi_0": 0.2716687763415603, "alpha": -0.2514297052616103}, 5999500000.0, null], ["Ql", 4159.132845966609, true, null, 29.997500000000002, 11999.0, null, 31347.898844974345, {"fr": -0.005665498551750923, "Qe": 0.8015699094222836, "A": -0.09679442758870335, "theta": 0.01850096303202453, "phi_v": -0.25640807683431643, "phi_0": 0.25604648348534753, "alpha": 0.2803350820977375}, 605.9495000000001, null], ["Qe", 23655.7574329337, true, null, 0, Infinity, null, 148084.11229669448, {"fr": 0.011385202619849492, "Ql": 0.8015699094222836, "A": -0.09872675977166309, "theta": 0.0021021902244595147, "phi_v": -0.3542082110440745, "phi_0": 0.35374832115852617, "alpha": 0.35484415492042326}, 593.9505, null], ["A", 0.003921323316188552, true, null, 0, Infinity, null, 0.00117123554241992, {"fr": 0.430311028093031, "Ql": -0.09679442758870335, "Qe": -0.09872675977166309, "theta": -0.5681686796626504, "phi_v": -0.12906202256629876, "phi_0": 0.12923783118156282, "alpha": -0.6951204831804271}, 0.007066766644498356, null], ["theta", 1.4945629949480583, true, null, -1.5707963267948966, 1.5707963267948966, null, 6.257664953342494, {"fr": -0.8016091685802955, "Ql": 0.01850096303202453, "Qe": 0.0021021902244595147, "A": -0.5681686796626504, "phi_v": 0.3443861192410482, "phi_0": -0.34460960264301876, "alpha": 0.346288082722519}, 0, null], ["phi_v", -4.244078837301614e-07, true, null, -Infinity, Infinity, null, 3.650613800083878e-08, {"fr": -0.2715171188567889, "Ql": -0.25640807683431643, "Qe": -0.3542082110440745, "A": -0.12906202256629876, "theta": 0.3443861192410482, "phi_0": -0.9999995093408609, "alpha": -0.025660629371504456}, -2.5572143326386175e-07, null], ["phi_0", 2538.6592034261253, true, null, -Infinity, Infinity, null, 219.00547219008834, {"fr": 0.2716687763415603, "Ql": 0.25604648348534753, "Qe": 0.35374832115852617, "A": 0.12923783118156282, "theta": -0.34460960264301876, "phi_v": -0.9999995093408609, "alpha": 0.025421142831416985}, 1533.9161509134644, null], ["alpha", -0.9988333654823354, true, null, -1, 1, null, 264.23985417726595, {"fr": -0.2514297052616103, "Ql": 0.2803350820977375, "Qe": 0.35484415492042326, "A": -0.6951204831804271, "theta": 0.346288082722519, "phi_v": -0.025660629371504456, "phi_0": 0.025421142831416985}, 0, null], ["Qi", 4215.580709677783, false, "1./(1./Ql-1./Qe*cos(theta))", -Infinity, Infinity, null, 32173.97989556827, null, -29994.500249999837, null], ["Qc", 310608.03796147095, false, "Qe/cos(theta)", -Infinity, Infinity, null, 25525314.24951854, null, 593.9505, null]], "unique_symbols": {"e": 2.718281828459045, "pi": 3.141592653589793, "NAN": NaN, "gamfcn": {"__class__": "Callable", "__name__": "gamma", "pyversion": "3.9", "value": "gASVIwAAAAAAAACMFXNjaXB5LnNwZWNpYWwuX3VmdW5jc5SMBWdhbW1hlJOULg==", "importer": "scipy.special._ufuncs"}, "newaxis": null, "erfc": {"__class__": "Callable", "__name__": "erfc", "pyversion": "3.9", "value": "gASVIgAAAAAAAACMFXNjaXB5LnNwZWNpYWwuX3VmdW5jc5SMBGVyZmOUk5Qu", "importer": "scipy.special._ufuncs"}, "little_endian": 1, "wofz": {"__class__": "Callable", "__name__": "wofz", "pyversion": "3.9", "value": "gASVIgAAAAAAAACMFXNjaXB5LnNwZWNpYWwuX3VmdW5jc5SMBHdvZnqUk5Qu", "importer": "scipy.special._ufuncs"}, "Qi": 4215.580709677783, "loggammafcn": {"__class__": "Callable", "__name__": "loggamma", "pyversion": "3.9", "value": "gASVJgAAAAAAAACMFXNjaXB5LnNwZWNpYWwuX3VmdW5jc5SMCGxvZ2dhbW1hlJOULg==", "importer": "scipy.special._ufuncs"}, "theta": 1.4945629949480583, "Ql": 4159.132845966609, "A": 0.003921323316188552, "nan": NaN, "fr": 6004846044.562673, "alpha": -0.9988333803661124, "False": 0, "erf": {"__class__": "Callable", "__name__": "erf", "pyversion": "3.9", "value": "gASVIQAAAAAAAACMFXNjaXB5LnNwZWNpYWwuX3VmdW5jc5SMA2VyZpSTlC4=", "importer": "scipy.special._ufuncs"}, "infty": Infinity, "Qe": 23655.7574329337, "inf": Infinity, "Inf": Infinity, "Qc": 310608.03796147095, "phi_0": 2538.6592034261253, "betalnfnc": {"__class__": "Callable", "__name__": "betaln", "pyversion": "3.9", "value": "gASVJAAAAAAAAACMFXNjaXB5LnNwZWNpYWwuX3VmdW5jc5SMBmJldGFsbpSTlC4=", "importer": "scipy.special._ufuncs"}, "True": 1, "phi_v": -4.244078837301614e-07, "None": null}, "aborted": 0, "aic": -872.7804166836971, "best_values": {"__class__": "Dict", "fr": 6004846044.562673, "Ql": 4159.132845966609, "Qe": 23655.7574329337, "A": 0.003921323316188552, "theta": 1.4945629949480583, "phi_v": -4.244078837301614e-07, "phi_0": 2538.6592034261253, "alpha": -0.9988333654823354}, "bic": -853.5266627055831, "chisqr": 0.0016091224317345174, "ci_out": null, "col_deriv": 0, "covar": {"__class__": "NDArray", "__shape__": [8, 8], "__dtype__": "float64", "value": [29593863444406.824, -966156327.1247832, 9171704693.957354, 2741.748106504424, -27288258.166967027, -0.05392174527960544, 323664841.24691796, -361422961.3748054, -966156327.1247832, 982690761.9947438, 3720988335.249863, -3.553882260768149, 3629.234900155819, -0.00029343102398812516, 1757851.6414354648, 2322117.588535731, 9171704693.957354, 3720988335.249863, 21928904314.700024, -17.12330502230037, 1948.0171903597973, -0.001914842164429136, 11472493.497205334, 13884953.929945309, 2741.748106504424, -3.553882260768149, -17.12330502230037, 1.3717926958276842e-06, -0.004164221663074027, -5.518341854882852e-12, 0.033150407459967585, -0.21513082870189396, -27288258.166967027, 3629.234900155819, 1948.0171903597973, -0.004164221663074027, 39.158370668290914, 7.86726603477276e-08, -472.2746643489037, 572.5958200998883, -0.05392174527960544, -0.00029343102398812516, -0.001914842164429136, -5.518341854882852e-12, 7.86726603477276e-08, 1.3326981117362851e-15, -7.995040067868823e-06, -2.475320942465267e-07, 323664841.24691796, 1757851.6414354648, 11472493.497205334, 0.033150407459967585, -472.2746643489037, -7.995040067868823e-06, 47963.39684920356, 1471.120875607657, -361422961.3748054, 2322117.588535731, 13884953.929945309, -0.21513082870189396, 572.5958200998883, -2.475320942465267e-07, 1471.120875607657, 69822.70053562277]}, "errorbars": 1, "flatchain": null, "ier": 2, "init_values": {"__class__": "Dict", "fr": 5999500000.0, "Ql": 605.9495000000001, "Qe": 593.9505, "A": 0.007066766644498356, "theta": 0, "phi_v": -2.5572143326386175e-07, "phi_0": 1533.9161509134644, "alpha": 0}, "lmdif_message": "The relative error between two consecutive iterates is at most 0.000000", "message": "Fit succeeded.", "method": "leastsq", "nan_policy": "raise", "ndata": 82, "nfev": 1683, "nfree": 74, "nvarys": 8, "redchi": 2.174489772614213e-05, "residual": {"__class__": "NDArray", "__shape__": [82], "__dtype__": "float64", "value": [0.0011028953730864315, -0.00578809058810033, 0.0010469218349607582, -0.005287795593613394, 0.0012544608616484082, -0.0049825286213207075, 0.0016066240090971758, -0.004468606661702883, 0.00189325523305796, -0.0042992180280682375, 0.002273122972594864, -0.004178366680611318, 0.0025172319481419217, -0.004175529369624596, 0.0028497318522939553, -0.004727417708943663, 0.0031413575339145237, -0.005067258279447346, 0.0032070223465698387, -0.005473893856243035, 0.003159912278167202, -0.006033344688932912, 0.002769077932912907, -0.006767106059547524, 0.0022843459248783555, -0.007532586339843307, 0.0012606529272150267, -0.008316804337353136, -0.00024188505245434713, -0.00833268755355316, -0.0017881667067487332, -0.00809138072544603, -0.003468431134227752, -0.0068338396861803204, -0.004655169000195967, -0.0033585746125747514, -0.00046016202270088725, -0.0011352564445167956, 0.001160267444274752, -0.004266409369777091, -0.0020009364628322565, -0.007769778904400219, -0.0016597309703488428, -0.0016493127645365304, 0.0014080837902520156, -0.0021019685989608593, 0.004448564600255175, -0.0027792049668376242, 0.004183308570519861, -0.006723063815639821, 0.0020611382830266534, -0.008496847689726614, 0.0006368063535185124, -0.009052263739359193, -0.00101602876654903, -0.008245471805882035, -0.002295803476479958, -0.007734222664122285, -0.0028730677060905653, -0.006617575322346629, -0.0031153194700231936, -0.005943803905981055, -0.003923073496469652, -0.005658011314338684, -0.004435893840697493, -0.00479862681678077, -0.004841649786408302, -0.003477010175307424, -0.005001056741489646, -0.0017239379042217106, -0.00396837846189298, 0.0009076948589440271, -0.0007467560750437434, 0.0024980269694824435, 0.0028745575567083468, 0.0013857455687162259, 0.0044403163148435815, -0.0012930304455643278, 0.004470018624766076, -0.0033687162784041226, 0.0042513918398109874, -0.004878734833617747]}, "rsquared": {"__class__": "Complex", "value": [-1.1805599864762844, -11.58986542440194]}, "scale_covar": 1, "calc_covar": 1, "success": 1, "userargs": {"__class__": "Tuple", "value": [{"__class__": "NDArray", "__shape__": [41], "__dtype__": "complex128", "value": [[-0.0047488744504152434, -0.004283854421104056, -0.003936904412962057, -0.003613923465233673, -0.0031349548933398462, -0.002693028171307607, -0.002095939097866797, -0.0016055140856538034, -0.0011293668783585742, -0.0005168448135482831, 8.841393909786586e-05, 0.0008922462139716649, 0.001626170330565054, 0.0027238798241328755, 0.004121674645823157, 0.005388805731965479, 0.00662759420289855, 0.007229787656733433, 0.002332720403843022, -7.660250773489656e-05, 0.0022432861097541113, 0.001044906692721055, -0.0028589079954404826, -0.0066784194756554305, -0.007102283992835042, -0.005550520762090865, -0.004553337892851326, -0.0031593528741247364, -0.001916334473212832, -0.0009636788796612933, 0.00011717765836183092, 0.0014280172610324044, 0.0023616967920534124, 0.0033353427780491774, 0.004184020517830972, 0.00391105715681485, 0.0014724315258101287, -0.0013855368832437715, -0.002246664061227814, -0.0016651724474841235, -0.0009582979970688827], [0.007344570916788797, 0.007577900016283992, 0.007903825435596808, 0.007890319491939423, 0.008068070672528904, 0.00812543527112848, 0.008123795147370135, 0.008499682462139719, 0.008494068392769907, 0.008401118710307765, 0.008329070835368832, 0.008327539488682624, 0.008286699886012048, 0.008229523856049503, 0.007406476469630355, 0.006366155023611788, 0.004385221299462627, 0.000294567334310373, -0.0024084979645008957, 0.00040025012212994624, 0.0037534154046572213, -0.0023375968083374048, -0.0016759250936329586, -0.0006174300602507702, 0.003866349780166098, 0.006320812896922325, 0.007679240514574171, 0.007786570591108939, 0.00830746393095587, 0.00829428041035662, 0.008256415893177006, 0.008207723172121805, 0.007741977853769744, 0.0068137785376974425, 0.005340754274548119, 0.0028339690604136138, 0.0011987106334473213, 0.0020955495847581824, 0.004397395212506107, 0.0059517283829995105, 0.006819826412636378]]}, null]}, "userkws": {"__class__": "Dict", "f": {"__class__": "NDArray", "__shape__": [41], "__dtype__": "float64", "value": [5990000000.0, 5990500000.0, 5991000000.0, 5991500000.0, 5992000000.0, 5992500000.0, 5993000000.0, 5993500000.0, 5994000000.0, 5994500000.0, 5995000000.0, 5995500000.0, 5996000000.0, 5996500000.0, 5997000000.0, 5997500000.0, 5998000000.0, 5998500000.0, 5999000000.0, 5999500000.0, 6000000000.0, 6000500000.0, 6001000000.0, 6001500000.0, 6002000000.0, 6002500000.0, 6003000000.0, 6003500000.0, 6004000000.0, 6004500000.0, 6005000000.0, 6005500000.0, 6006000000.0, 6006500000.0, 6007000000.0, 6007500000.0, 6008000000.0, 6008500000.0, 6009000000.0, 6009500000.0, 6010000000.0]}}, "values": {"__class__": "Dict", "fr": 6004846044.562673, "Ql": 4159.132845966609, "Qe": 23655.7574329337, "A": 0.003921323316188552, "theta": 1.4945629949480583, "phi_v": -4.244078837301614e-07, "phi_0": 2538.6592034261253, "alpha": -0.9988333654823354, "Qi": 4215.580709677783, "Qc": 310608.03796147095}, "var_names": {"__class__": "List", "value": ["fr", "Ql", "Qe", "A", "theta", "phi_v", "phi_0", "alpha"]}, "weights": null, "user_options": null}