QD_file: qblox_drive_AS/QD_backup/20250318/DR2#10_SumInfo.pkl
Comments: ---

RO-atte = 30 dB
XY-atte = 0 dB
Reset time = 700 µs

[q0]
    bare   = 4.811044804136798 GHz
    ROF    = 4.811192627336396 GHz
    RO-amp = 0.24 V
    ROT    = 8.0 µs
    XYF    = 2.4258963535696756 GHz
    Pi-amp = 0.6932427200833905 V
    Pi-dura= 240.0 ns
    x      = 0.14782319959831236 MHz
    g      = 18.777121064714052 MHz

[q1]
    bare   = 5.011894160831259 GHz
    ROF    = 5.011887236912849 GHz
    RO-amp = 0.24 V
    ROT    = 8.0 µs
    XYF    = 2.484 GHz
    Pi-amp = 0.8146788298069193 V
    Pi-dura= 800.0 ns
    x      = -0.006923918410301208 MHz
    g      = 4.186089903533877 MHz

