QD_file: qblox_drive_AS/QD_backup/20250327/DR4#81_SumInfo.pkl
Comments: ---

RO-atte = 30 dB
XY-atte = 0 dB
Active Reset OFF, Reset time = 250 us

[q0]
    bare   = 6.047219376269859 GHz
    ROF    = 6.055134751226673 GHz
    RO-amp = 0.1 V
    ROT    = 0.75 us
    XYF    = 4.873516558279392 GHz
    Pi-amp = 0.42657653717143795 V
    Pi-dura= 17.0 ns
    x      = 7.915374956813812 MHz
    g      = 96.39780548499309 MHz

[q1]
    bare   = 6.075084265365072 GHz
    ROF    = 6.085629208743943 GHz
    RO-amp = 0.1 V
    ROT    = 0.5 us
    XYF    = 5.311152002257311 GHz
    Pi-amp = 0.31716068672068537 V
    Pi-dura= 23.0 ns
    x      = 10.544943378870963 MHz
    g      = 89.60616533325374 MHz

[q2]
    bare   = 5.979945248967319 GHz
    ROF    = 5.98357196638289 GHz
    RO-amp = 0.1 V
    ROT    = 1.0 us
    XYF    = 4.1383403597976285 GHz
    Pi-amp = 0.09448538230997286 V
    Pi-dura= 40.0 ns
    x      = 3.6267174155712127 MHz
    g      = 82.04291590475535 MHz

