QD_file: qblox_drive_AS/QD_backup/20250323/DR4#81_SumInfo.pkl
Comments: ---

RO-atte = 30 dB
XY-atte = 0 dB
Reset time = 250 µs

[q0]
    bare   = 6.048752566522226 GHz
    ROF    = 6.055080855416543 GHz
    RO-amp = 0.1 V
    ROT    = 1.0 µs
    XYF    = 4.873540544624405 GHz
    Pi-amp = 0.1691438244724337 V
    Pi-dura= 40.0 ns
    x      = 6.328288894317627 MHz
    g      = 86.20491287341112 MHz

[q1]
    bare   = 6.075770061051811 GHz
    ROF    = 6.085896089165336 GHz
    RO-amp = 0.1 V
    ROT    = 1.0 µs
    XYF    = 5.311100367699326 GHz
    Pi-amp = 0.023416237359340147 V
    Pi-dura= 200.0 ns
    x      = 10.12602811352539 MHz
    g      = 88.09313373951889 MHz

[q2]
    bare   = 5.98034755302898 GHz
    ROF    = 5.983749000414157 GHz
    RO-amp = 0.1 V
    ROT    = 1.0 µs
    XYF    = 4.138068476348416 GHz
    Pi-amp = 0.06534515903681748 V
    Pi-dura= 40.0 ns
    x      = 3.401447385177612 MHz
    g      = 79.16465354069321 MHz

